GO	adj_pVal
GO:0051536	7.501408397306157e-8
GO:0051540	7.501408397306157e-8
